2020-06-26 11:25:23	肖申克的救赎	9.7	2054869
2020-06-26 11:25:23	霸王别姬	9.6	1522922
2020-06-26 11:25:23	阿甘正传	9.5	1553996
2020-06-26 11:25:23	这个杀手不太冷	9.4	1745440
2020-06-26 11:25:23	美丽人生	9.5	975510
2020-06-26 11:25:23	泰坦尼克号	9.4	1505882
2020-06-26 11:25:23	千与千寻	9.4	1611983
2020-06-26 11:25:23	辛德勒的名单	9.5	791981
2020-06-26 11:25:23	盗梦空间	9.3	1485102
2020-06-26 11:25:23	忠犬八公的故事	9.4	1032386
2020-06-26 11:25:23	海上钢琴师	9.3	1238101
2020-06-26 11:25:23	楚门的世界	9.3	1108547
2020-06-26 11:25:23	三傻大闹宝莱坞	9.2	1377409
2020-06-26 11:25:23	机器人总动员	9.3	977824
2020-06-26 11:25:23	放牛班的春天	9.3	958499
2020-06-26 11:25:23	星际穿越	9.3	1110673
2020-06-26 11:25:23	大话西游之大圣娶亲	9.2	1088585
2020-06-26 11:25:23	熔炉	9.3	670969
2020-06-26 11:25:23	疯狂动物城	9.2	1300777
2020-06-26 11:25:23	无间道	9.2	887622
2020-06-26 11:25:23	龙猫	9.2	920853
2020-06-26 11:25:24	教父	9.3	673079
2020-06-26 11:25:24	当幸福来敲门	9.1	1100491
2020-06-26 11:25:24	怦然心动	9.1	1283205
2020-06-26 11:25:24	触不可及	9.2	719617
